$MeshFormat
4.1 0 8
$EndMeshFormat
$PhysicalNames
2
1 5 "inlet"
1 100002 "right edge"
$EndPhysicalNames
$Entities
4 4 1 0
1 0 0 0 0 
2 5 0 0 0 
3 5 5 0 0 
5 4 5 0 0 
1 0 0 0 5 0 0 0 2 1 -2 
2 5 0 0 5 5 0 1 100002 2 2 -3 
3 4 5 0 5 5 0 1 5 2 3 -5 
4 0 0 0 4 5 0 1 100002 2 5 -1 
1 0 0 0 5 5 0 0 4 4 1 2 3 
$EndEntities
$Nodes
7 54 1 54
0 1 0 1
1
0 0 0
0 2 0 1
2
5 0 0
0 3 0 1
3
5 5 0
0 5 0 1
4
4 5 0
1 2 0 20
5
6
7
8
9
10
11
12
13
14
15
16
17
18
19
20
21
22
23
24
5 0.2380952380950251 0
5 0.4761904761900869 0
5 0.7142857142849603 0
5 0.9523809523795033 0
5 1.190476190474047 0
5 1.42857142856859 0
5 1.666666666663134 0
5 1.904761904757677 0
5 2.142857142852802 0
5 2.380952380948402 0
5 2.619047619044002 0
5 2.857142857139602 0
5 3.095238095235202 0
5 3.333333333330801 0
5 3.571428571426401 0
5 3.809523809522001 0
5 4.047619047617601 0
5 4.285714285713201 0
5 4.523809523808801 0
5 4.7619047619044 0
1 3 0 4
25
26
27
28
4.8 5 0
4.599999999999999 5 0
4.399999999999999 5 0
4.199999999999999 5 0
1 4 0 26
29
30
31
32
33
34
35
36
37
38
39
40
41
42
43
44
45
46
47
48
49
50
51
52
53
54
3.851851851851611 4.814814814814514 0
3.703703703703222 4.629629629629028 0
3.555555555554834 4.444444444443542 0
3.407407407406846 4.259259259258558 0
3.259259259259099 4.074074074073874 0
3.111111111111352 3.88888888888919 0
2.962962962963606 3.703703703704507 0
2.814814814815859 3.518518518519824 0
2.666666666668112 3.33333333333514 0
2.518518518520364 3.148148148150455 0
2.370370370372617 2.962962962965771 0
2.22222222222487 2.777777777781087 0
2.074074074077122 2.592592592596402 0
1.925925925929054 2.407407407411317 0
1.777777777780665 2.222222222225831 0
1.629629629632277 2.037037037040346 0
1.481481481483888 1.85185185185486 0
1.333333333335499 1.666666666669374 0
1.18518518518711 1.481481481483888 0
1.037037037038722 1.296296296298402 0
0.8888888888903326 1.111111111112915 0
0.740740740741944 0.9259259259274302 0
0.5925925925935553 0.740740740741944 0
0.4444444444451663 0.5555555555564577 0
0.2962962962967777 0.3703703703709724 0
0.1481481481483886 0.1851851851854853 0
$EndNodes
$Elements
3 53 1 53
1 2 1 21
1 2 5 
2 5 6 
3 6 7 
4 7 8 
5 8 9 
6 9 10 
7 10 11 
8 11 12 
9 12 13 
10 13 14 
11 14 15 
12 15 16 
13 16 17 
14 17 18 
15 18 19 
16 19 20 
17 20 21 
18 21 22 
19 22 23 
20 23 24 
21 24 3 
1 3 1 5
22 3 25 
23 25 26 
24 26 27 
25 27 28 
26 28 4 
1 4 1 27
27 4 29 
28 29 30 
29 30 31 
30 31 32 
31 32 33 
32 33 34 
33 34 35 
34 35 36 
35 36 37 
36 37 38 
37 38 39 
38 39 40 
39 40 41 
40 41 42 
41 42 43 
42 43 44 
43 44 45 
44 45 46 
45 46 47 
46 47 48 
47 48 49 
48 49 50 
49 50 51 
50 51 52 
51 52 53 
52 53 54 
53 54 1 
$EndElements
